5360,4
5360,1
5360,3
5361,1
5361,3
14,11
0,557
0,551
0,553
6142,35
10,160
10,70
10,240
10,118
10,90
10,108
10,30
11,8
11,14
11,26
11,12
9,7
9,6
9,1
9,4
9,2
9,3
8,7
8,15
8,13
8,11
8,10
8,2
8,3
0,545
12,2
12,1
12,3
19,2
19,1
19,3
6044,3
6044,2
6044,1
6044,0
6043,7
6043,6
6043,5
6043,4
6043,3
6043,2
6043,1
6043,0
6042,4
6042,3
6042,2
6042,1
6042,0
6041,12
6041,11
6041,10
6041,9
6041,8
6041,7
6041,6
6041,5
6041,4
6041,3
6041,2
6041,1
6041,0
6040,8
6040,7
6040,6
6040,5
6040,4
6040,3
6040,2
6040,1
6040,0
6039,4
6039,3
6039,2
6039,1
6039,0
6038,8
6038,7
6038,6
6038,5
6038,4
6038,3
6038,2
6038,1
6038,0
6037,5
6037,4
6037,3
6037,2
6037,1
6037,0
6036,5
6036,4
6036,3
6036,2
6036,1
6036,0
6035,4
6035,3
6035,2
6035,1
6035,0
6034,10
6034,9
6034,8
6034,7
6034,6
6034,5
6034,4
6034,3
6034,2
6034,1
6034,0
5906,39
5906,38
5906,37
5906,36
5906,35
